  Columns 1 through 6

    0.2663    0.2474    0.2866    0.2204    0.2213    0.2664

  Columns 7 through 12

    0.2657    0.2218    0.3153    0.2764    0.1917    0.2059

  Columns 13 through 18

    0.2385    0.1933    0.2489    0.2151    0.2775    0.2895

  Columns 19 through 24

    0.2216    0.1724    0.2166    0.2205    0.1734    0.1894

  Columns 25 through 30

    0.1611    0.2216    0.2565    0.2606    0.1900    0.1896

  Columns 31 through 36

    0.1906    0.1954    0.2176    0.2656    0.5657    0.1849

  Columns 37 through 42

    0.2004    0.0399    0.2659    0.2375    0.2393    0.1360

  Columns 43 through 48

    0.1054    0.2728    0.2801    0.1735    0.2630    0.2749

  Columns 49 through 54

    0.2716    0.2557    0.2297    0.2487    0.2657    0.2666

  Columns 55 through 60

    0.2832    0.2705    0.2650    0.2966    0.2323    0.2558

  Columns 61 through 66

    0.2256    0.2516    0.2160    0.1752    0.2490    0.2398

  Columns 67 through 72

    0.2472    0.2827    0.2658    0.2394    0.5933    0.2330

  Columns 73 through 78

    0.2897    0.2401    0.2625    0.2644    0.1523    0.0802

  Columns 79 through 84

    0.3003    0.2994    0.1668    0.2348    0.2562    0.2453

  Columns 85 through 90

    0.2803    0.2439    0.2794    0.2605    0.2790    0.2647

  Columns 91 through 96

    0.2454    0.2867    0.2720    0.2601    0.2880    0.2447

  Columns 97 through 102

    0.2694    0.1914    0.1985    0.2783    0.2522    0.2771

  Columns 103 through 108

    0.2659    0.2881    0.2223    0.6230    0.2556    0.2759

  Columns 109 through 114

    0.3123    0.3143    0.2687    0.2163    0.3312    0.3056

  Columns 115 through 120

    0.2398    0.2803    0.2781    0.2728    0.3090    0.2469

  Columns 121 through 126

    0.3162    0.2994    0.3095    0.2654    0.2677    0.2945

  Columns 127 through 132

    0.2913    0.3072    0.3272    0.2890    0.2943    0.2491

  Columns 133 through 138

    0.2971    0.3109    0.2798    0.3048    0.2693    0.3082

  Columns 139 through 144

    0.2845    0.6466    0.2824    0.2716    0.0020    0.2575

  Columns 145 through 150

    0.2914    0.2468    0.3092    0.2730    0.1486    0.2307

  Columns 151 through 156

    0.2762    0.2130    0.2311    0.2188    0.2969    0.2856

  Columns 157 through 162

    0.1732    0.2071    0.2299    0.2582    0.1781    0.2122

  Columns 163 through 168

    0.1793    0.0955    0.2966    0.2591    0.2068    0.1961

  Columns 169 through 174

    0.2074    0.2420    0.2272    0.3075    0.5490    0.1809

  Columns 175 through 180

    0.2551    0.2575    0.2933    0.2486    0.3102    0.2730

  Columns 181 through 186

    0.1510    0.2307    0.2774    0.2130    0.2319    0.2199

  Columns 187 through 192

    0.2978    0.2865    0.1749    0.2073    0.2301    0.2582

  Columns 193 through 198

    0.1789    0.2130    0.1801    0.0962    0.2986    0.2609

  Columns 199 through 204

    0.2078    0.1963    0.2084    0.2431    0.2283    0.3085

  Columns 205 through 210

    0.5499    0.1818    0.2551    0.1523    0.2958    0.2792

  Columns 211 through 216

    0.1550    0.2597    0.2916    0.2876    0.2701    0.2379

  Columns 217 through 222

    0.2780    0.2485    0.2508    0.2911    0.2878    0.2720

  Columns 223 through 228

    0.3029    0.2509    0.2741    0.2363    0.2620    0.2261

  Columns 229 through 234

    0.2086    0.2718    0.2459    0.2729    0.3024    0.2810

  Columns 235 through 240

    0.2433    0.5954    0.2370    0.2983    0.3264    0.3261

  Columns 241 through 246

    0.1515    0.2663    0.2534    0.2672    0.2937    0.2703

  Columns 247 through 252

    0.3099    0.2776    0.3029    0.2562    0.2589    0.3034

  Columns 253 through 258

    0.2817    0.2820    0.3110    0.2605    0.3051    0.1841

  Columns 259 through 264

    0.2267    0.2923    0.2797    0.2928    0.2692    0.3184

  Columns 265 through 270

    0.2326    0.6526    0.2804    0.2613    0.2880    0.3232

  Columns 271 through 276

    0.2659    0.2564    0.2974    0.1246    0.2406    0.1779

  Columns 277 through 282

    0.2932    0.2996    0.2737    0.1933    0.1857    0.1797

  Columns 283 through 288

    0.2009    0.2265    0.1942    0.2370    0.3206    0.2767

  Columns 289 through 294

    0.1168    0.1706    0.1065    0.1901    0.1362    0.3089

  Columns 295 through 300

    0.5535    0.2077    0.1733    0.2928    0.3148    0.3268

  Columns 301 through 306

    0.3087    0.2728    0.2603    0.2912    0.1608    0.1610

  Columns 307 through 312

    0.3421    0.3176    0.3072    0.3363    0.2762    0.3081

  Columns 313 through 318

    0.2679    0.2928    0.3141    0.2822    0.2860    0.2881

  Columns 319 through 324

    0.2822    0.3166    0.2958    0.2965    0.6309    0.2803

  Columns 325 through 330

    0.3397    0.2678    0.2919    0.2570    0.2774    0.2452

  Columns 331 through 336

    0.2914    0.2409    0.2767    0.2767    0.2847    0.2806

  Columns 337 through 342

    0.2748    0.2742    0.2987    0.2591    0.2768    0.1914

  Columns 343 through 348

    0.2122    0.2859    0.2651    0.2857    0.2845    0.3138

  Columns 349 through 354

    0.2265    0.6243    0.2630    0.2920    0.2267    0.2648

  Columns 355 through 360

    0.2176    0.2377    0.2248    0.2871    0.3087    0.1324

  Columns 361 through 366

    0.2018    0.2371    0.2283    0.1979    0.2265    0.1846

  Columns 367 through 372

    0.1275    0.2758    0.2861    0.2157    0.2050    0.2175

  Columns 373 through 378

    0.2197    0.2472    0.2936    0.5593    0.1950    0.2206

  Columns 379 through 384

    0.2643    0.2376    0.2556    0.2376    0.2946    0.3163

  Columns 385 through 390

    0.2370    0.2062    0.2609    0.2523    0.2044    0.2220

  Columns 391 through 396

    0.1890    0.2206    0.2664    0.2869    0.2312    0.2191

  Columns 397 through 402

    0.2254    0.2006    0.2537    0.2903    0.5760    0.2094

  Columns 403 through 408

    0.2276    0.2662    0.2030    0.2749    0.2692    0.2850

  Columns 409 through 414

    0.2844    0.2356    0.2732    0.2730    0.2676    0.2912

  Columns 415 through 420

    0.2554    0.2867    0.2928    0.3051    0.2716    0.2563

  Columns 421 through 426

    0.2675    0.2488    0.2918    0.3024    0.5981    0.2582

  Columns 427 through 432

    0.2648    0.2157    0.1393    0.2788    0.2893    0.2447

  Columns 433 through 438

    0.1461    0.1258    0.1165    0.1689    0.1923    0.1487

  Columns 439 through 444

    0.2125    0.3114    0.2786    0.0338    0.1345    0.0365

  Columns 445 through 450

    0.1355    0.1462    0.2919    0.5255    0.1895    0.1062

  Columns 451 through 456

    0.2391    0.2696    0.2644    0.2620    0.2434    0.2378

  Columns 457 through 462

    0.2804    0.2216    0.2437    0.2044    0.2385    0.3072

  Columns 463 through 468

    0.2648    0.2195    0.2106    0.2178    0.2477    0.2539

  Columns 469 through 474

    0.3003    0.5542    0.2086    0.2675    0.2941    0.2810

  Columns 475 through 480

    0.2588    0.1750    0.1581    0.1768    0.1875    0.2206

  Columns 481 through 486

    0.1852    0.2044    0.3048    0.2689    0.1263    0.1588

  Columns 487 through 492

    0.1257    0.1804    0.1602    0.3053    0.5615    0.2081

  Columns 493 through 498

    0.1815    0.0865    0.3183    0.2769    0.2957    0.3117

  Columns 499 through 504

    0.2830    0.3090    0.2641    0.2909    0.2791    0.2720

  Columns 505 through 510

    0.2900    0.2656    0.2825    0.2786    0.2963    0.2722

  Columns 511 through 516

    0.6221    0.2685    0.3090    0.3319    0.2947    0.3013

  Columns 517 through 522

    0.3340    0.2854    0.3048    0.2654    0.2889    0.2840

  Columns 523 through 528

    0.2579    0.2969    0.2820    0.2920    0.2995    0.2968

  Columns 529 through 534

    0.2800    0.6258    0.2697    0.3321    0.2105    0.2666

  Columns 535 through 540

    0.2225    0.2385    0.2599    0.2184    0.1812    0.2784

  Columns 541 through 546

    0.3260    0.2391    0.2298    0.2420    0.2098    0.2754

  Columns 547 through 552

    0.2874    0.5795    0.2209    0.2086    0.1553    0.1475

  Columns 553 through 558

    0.1871    0.2007    0.1568    0.2151    0.2672    0.2852

  Columns 559 through 564

    0.1458    0.1211    0.1435    0.1239    0.1882    0.2755

  Columns 565 through 570

    0.5539    0.2018    0.1087    0.1772    0.1813    0.2023

  Columns 571 through 576

    0.1579    0.2135    0.3179    0.2865    0.1308    0.1217

  Columns 577 through 582

    0.1293    0.1434    0.1716    0.3025    0.5283    0.2134

  Columns 583 through 588

    0.1641    0.2294    0.2577    0.2101    0.2626    0.2841

  Columns 589 through 594

    0.3170    0.1258    0.1614    0.1236    0.1546    0.1926

  Columns 595 through 600

    0.2784    0.5932    0.2429    0.0874    0.0940    0.0755

  Columns 601 through 606

    0.1890    0.3046    0.2623    0.1624    0.1758    0.1601

  Columns 607 through 612

    0.2052    0.2116    0.2781    0.5193    0.1692    0.2212

  Columns 613 through 618

    0.0694    0.2243    0.3167    0.2671    0.1920    0.1885

  Columns 619 through 624

    0.1870    0.2030    0.2304    0.3057    0.5142    0.1866

  Columns 625 through 630

    0.2446    0.1853    0.2837    0.2561    0.1556    0.1329

  Columns 631 through 636

    0.1514    0.1669    0.1966    0.2595    0.4963    0.1468

  Columns 637 through 642

    0.1892    0.2893    0.2578    0.2044    0.1925    0.2039

  Columns 643 through 648

    0.2393    0.2236    0.3015    0.5331    0.1675    0.2421

  Columns 649 through 654

    0.0651    0.3214    0.2766    0.3182    0.2838    0.3048

  Columns 655 through 660

    0.1919    0.6535    0.2890    0.2816    0.2736    0.2553

  Columns 661 through 666

    0.2708    0.2924    0.2649    0.2158    0.6121    0.2490

  Columns 667 through 672

    0.3179    0.1357    0.0190    0.1421    0.1409    0.3022

  Columns 673 through 678

    0.5273    0.1850    0.1070    0.1286    0.1317    0.1569

  Columns 679 through 684

    0.2725    0.5168    0.1766    0.1446    0.1373    0.1344

  Columns 685 through 690

    0.2995    0.5226    0.1814    0.1055    0.1770    0.3115

  Columns 691 through 696

    0.5714    0.2089    0.1059    0.2986    0.5700    0.2058

  Columns 697 through 702

    0.1714    0.6335    0.2735    0.2814    0.4167    0.5754

  Column 703

    0.2191